[app/ui]
version = 9.1.0.1
modtime = 1688698882.850858000

[app/launcher]
version = 9.1.0.1
modtime = 1688698882.851488000
